11
4
1 1 5 0.8 1 0.1 2 0.1
1 2 1 0.9 2 0.1
1 3 1 0.9 5 0.1
1 4 2 0.8 1 0.1 5 0.1
2 1 2 0.8 1 0.1 3 0.1
2 2 2 0.8 1 0.1 3 0.1
2 3 1 0.8 2 0.2
2 4 3 0.8 2 0.2
3 1 6 0.8 2 0.1 4 0.1
3 2 3 0.8 2 0.1 4 0.1
3 3 2 0.8 3 0.1 6 0.1
3 4 4 0.8 3 0.1 6 0.1
4 1 7 0.8 3 0.1 4 0.1
4 2 4 0.9 3 0.1
4 3 3 0.8 4 0.1 7 0.1
4 4 4 0.9 7 0.1
5 1 8 0.8 5 0.2
5 2 1 0.8 5 0.2
5 3 5 0.8 8 0.1 1 0.1
5 4 5 0.8 8 0.1 1 0.1
6 1 10 0.8 6 0.1 7 0.1
6 2 3 0.8 6 0.1 7 0.1
6 3 6 0.8 10 0.1 3 0.1
6 4 7 0.8 10 0.1 3 0.1
7 1 7 1
7 2 7 1
7 3 7 1
7 4 7 1
8 1 8 0.9 9 0.1
8 2 5 0.8 8 0.1 9 0.1
8 3 8 0.9 5 0.1
8 4 9 0.8 8 0.1 5 0.1
9 1 9 0.8 8 0.1 10 0.1
9 2 9 0.8 8 0.1 10 0.1
9 3 8 0.8 9 0.2
9 4 10 0.8 9 0.2
10 1 10 0.8 9 0.1 11 0.1
10 2 6 0.8 9 0.1 11 0.1
10 3 9 0.8 10 0.1 6 0.1
10 4 11 0.8 10 0.1 6 0.1
11 1 11 1
11 2 11 1
11 3 11 1
11 4 11 1
-0.04 -0.04 -0.04 -0.04 -0.04 -0.04 -1 -0.04 -0.04 -0.04 1
1
7 11


